25E,00,00,000000007F800600
165,00,00,4680190008000E74
591,00,00,1100AA55AA55AA55
86,00,00,3E80C9C3E69A5344
215,00,00,2710271027102710
3D2,00,00,0900000000000000
75,00,00,230007DD46518300
242,00,00,5ABAAE7FC000009A
25D,00,00,07F83C7C00000000
4F7,00,00,0008000080000000
FD,00,00,2200700014000000
165,00,00,4680190008000E74
86,00,00,3E80D1BBE69A9304
45C,00,00,10002F782FB00000
21F,00,00,005E007F01012877
25E,00,00,000000007F800700
40A,00,00,C00088F6A0570631
202,00,00,0003000000001993
215,00,00,2710271027102710
43F,00,00,3EBFFB4400003FC0
86,00,00,3E80D9B3E69AD2C4
21C,00,00,0101000000000000
82,00,00,00007CD04AF40000
45B,00,00,0204AA6DB4FFFFFF
FD,00,00,2200A00014000000
79,00,00,DF220001FFE0C571
21E,00,00,00000000000005FA
167,00,00,003014B03E980000
202,00,00,0003000000001993
240,00,00,8000E0007F800060
3D2,00,00,0980000000000000
202,00,00,0003000000001993
215,00,00,2710271027102710
4DA,00,00,3232323C32D4BFC0
45C,00,00,10002F782FB00000
76,00,00,370007E475300000
35F,00,00,0000000000000000
488,00,00,0000000000000000
240,00,00,8000E0007F800068
130,00,00,0000A01001000000
217,00,00,000000000000D6F6
200,00,00,8000800080000E71
75,00,00,3C0007DD46578300
21F,00,00,005E007F01012F70
82,00,00,00007CD2571400DA
9F,00,00,505B0402A4036400
445,00,00,0000060000000000
48E,00,00,006C000000000000
49C,00,00,00B6F70A06643A00
75,00,00,410007DB46518300
243,00,00,68000820020000C1
25D,00,00,07F83F8800000000
40A,00,00,C00100020B390033
130,00,00,0000A01001000000
167,00,00,003014103E980000
200,00,00,800080008000017E
21F,00,00,005E007F0101227D
45B,00,00,03FFFFFFFFFFFF80
91,00,00,C040C00738000000
25E,00,00,000000007F800900
166,00,00,003050C00E600000
420,00,00,5C0000334200F62E
42B,00,00,0000BE0410000000
86,00,00,3E80820BE6981584
21C,00,00,0101000000000000
82,00,00,00007CD2553400DA
FD,00,00,2200400014000000
130,00,00,0000A01001000000
79,00,00,DF280001FF60C86D
21E,00,00,00000000000008F7
200,00,00,800080008000057A
76,00,00,500007E375300000
240,00,00,8000E0007F800008
25E,00,00,000000007F800A00
202,00,00,0003000000001993
215,00,00,2710271027102710
82,00,00,00007CD0554400DB
45C,00,00,10002F782FB00000
76,00,00,550007E875300000
3D2,00,00,0A80000000000000
86,00,00,3E8091FBE6989504
425,00,00,0200000000000000
130,00,00,0000A01001000000
215,00,00,2710271027102710
200,00,00,8000800080000877
75,00,00,5A0007E146498300
21F,00,00,005E007F01012976
82,00,00,00007CD2535400DA
165,00,00,4680190008000E74
240,00,00,8000E0007F800018
215,00,00,2710271027102710
43F,00,00,3EBFFB4400003FC0
45B,00,00,0400150007012980
242,00,00,7ABAAE7FC0000098
25D,00,00,07F83ED400000000
FD,00,00,2200B00014000000
130,00,00,0000A01001000000
165,00,00,4680190008000E74
21E,00,00,0000000000000AF5
200,00,00,8000800080000C73
202,00,00,0003000000001993
3D2,00,00,0B00000000000000
25E,00,00,000000007F800B00
202,00,00,0003000000001993
4D4,00,00,0000000000000000
4D9,00,00,0000000000000000
86,00,00,3E80A9E3E6995444
4DC,00,00,2981000000000000
82,00,00,00007CD052740000
488,00,00,0000000000000000
FD,00,00,2200E00014000000
79,00,00,DF24000200A0CB66
21E,00,00,0000000000000BF4
200,00,00,8000800080000F70
76,00,00,6E0007E175300000
240,00,00,8000E0007F800030
4FE,00,00,0229000000000000
25F,00,00,0000000000000000
492,00,00,0000000000000000
82,00,00,00007CD051840000
45C,00,00,10002F782FB00000
76,00,00,730007E575300000
25D,00,00,07F83E5C00000000
86,00,00,3E80B9D3E699D3C4
40A,00,00,BF17042200000000
165,00,00,4680190008000E74
215,00,00,2710271027102710
200,00,00,800080008000027D
43F,00,00,3EBFFB4400003FC0
4F5,00,00,0000000416400000
274,00,00,0000004000040200
4F3,00,00,1A48000401C90168
240,00,00,8000E0007F800040
202,00,00,0003000000001993
420,00,00,5C0000334200F62E
42B,00,00,0000BE0410000000
21C,00,00,0101000000000000
25D,00,00,07F83E2000000000
FD,00,00,2200500014000000
130,00,00,0000A01001000000
211,00,00,FFFEFFFEDF500064
21E,00,00,0000000000000DF2
202,00,00,000300000580197D
21F,00,00,005E007F01012679
25E,00,00,000000007F800D00
165,00,00,4680190008000E74
202,00,00,000300000F401956
215,00,00,2710271027102710
45A,00,00,1E6C993D482FDD9D
240,00,00,8000E0007F800050
21D,00,00,7F3FFF000000FFFF
82,00,00,00007CD04EB400DB
4F7,00,00,0008000080000000
FD,00,00,2200800014000000
165,00,00,4680190008000E74
21E,00,00,0000000000000EF1
200,00,00,8000800080000976
21F,00,00,005E007F01000997
240,00,00,8000E0007F800058
25E,00,00,000000007F800E00
202,00,00,000300001540193E
215,00,00,2710271027102710
82,00,00,00007CD24CC400DA
43F,00,00,3EBFFB4400003FC0
21D,00,00,7F3FFF000000FFFF
45C,00,00,10002F782FB00000
240,00,00,8000E0007F800060
FD,00,00,2200B00014000000
78,00,00,DF78FFE098C3F0C7
21E,00,00,0000000000000FF0
45A,00,00,1E6C993D482FDD9D
76,00,00,960007E675300000
202,00,00,0003000023401906
42B,00,00,0000BE0410000000
165,00,00,4680190008000E74
4D4,00,00,0000000000000000
9D,00,00,0001FFCC00000000
4DB,00,00,0000000800000000
75,00,00,9B0007DE464F8300
243,00,00,98000820020000BE
4FA,00,00,000000230007FD40
488,00,00,0000000000000000
130,00,00,0000A01001000000
82,00,00,00007CD04BE400DB
240,00,00,8000E0007F800070
200,00,00,800080008000007F
202,00,00,000300003AC019A8
4FE,00,00,0229000000000000
165,00,00,4680190008000E74
436,00,00,10019912FF640001
492,00,00,0000000000000000
49C,00,00,00B6F70A06643A00
240,00,00,8000E0007F800078
246,00,00,0007FF0800208000
82,00,00,00007CD249F400DA
40A,00,00,BF19000000000000
FD,00,00,2200200014000000
167,00,00,4AB014303E980000
200,00,00,800080008000037C
9A,00,00,0000000088000000
86,00,00,3E80820BE6981584
50,00,00,02000001AA55AAFB
482,00,00,0092000000000000
166,00,00,003050C00E600000
215,00,00,2710271027102710
42B,00,00,0000BE0410000000
45C,00,00,10002F782FB00000
4DA,00,00,3232323C32D4BFC0
25D,00,00,07F83CF400000000
240,00,00,8000E0007F800008
FD,00,00,2200500014000000
165,00,00,4680190008000E74
217,00,00,000000000000D2FA
45A,00,00,1E6C993D482FDD9D
454,00,00,906F712230303000
76,00,00,B40007E675300000
82,00,00,00007CD058140000
165,00,00,4680190008000E74
240,00,00,8000E0007F800010
215,00,00,2710271027102710
75,00,00,B90007DE46518300
76,00,00,B90007E675300000
245,00,00,8017E80180200000
25D,00,00,07F83CB800000000
425,00,00,0200000000000000
130,00,00,0000A01001000000
82,00,00,00007CD057240000
240,00,00,8000E0007F800018
75,00,00,BE0007E0464D8300
21F,00,00,005E007F01000A96
4F2,00,00,0352B0A745005000
165,00,00,4680190008000E74
202,00,00,0003000073C019C3
215,00,00,2710271027102710
86,00,00,3E80A1EBE6991484
43F,00,00,3EBFFB4400003FC0
21C,00,00,0101000000000000
82,00,00,00007CCE573400DB
FD,00,00,2200C00014000000
130,00,00,0000A01001000000
166,00,00,003050C00E600000
21E,00,00,00000000000004FB
200,00,00,8000800080000D72
21F,00,00,005E007F01000D93
42B,00,00,0000BE0410000000
4D4,00,00,0000000000000000
202,00,00,00030000778019B4
4D9,00,00,0000000000000000
4DA,00,00,3232323C32D4BFC0
45C,00,00,10002F782FB00000
4FA,00,00,0000002300072FC0
4FE,00,00,022A000000000000
488,00,00,0000000000000000
FD,00,00,2200F00014000000
130,00,00,0000A01001000000
217,00,00,000000000000D5F7
45A,00,00,1E6C903D482FDD9D
76,00,00,D20007E675300000
82,00,00,00007CD054540000
9E,00,00,D0000050009B3E00
86,00,00,3E80B9D3E699D3C4
477,00,00,0000000000000000
49C,00,00,00B6F70A06643A00
3D2,00,00,0880010000000000
76,00,00,D70007E575300000
243,00,00,B8000820020000BC
25D,00,00,07F83FC400000000
40A,00,00,BF1B000000000000
165,00,00,4680190008000E74
82,00,00,00007CD2526400DA
200,00,00,800080008000037C
75,00,00,DC0007DE46568300
49F,00,00,0000000000000000
274,00,00,0000004000040200
25E,00,00,000000007F800300
166,00,00,003050C00E600000
202,00,00,0003000087001975
86,00,00,3E80C9C3E69A5344
45A,00,00,1E6C903D482FDD9D
21C,00,00,0101000000000000
82,00,00,00007CD0527400DB
FD,00,00,2200600014000000
130,00,00,0000A01001000000
211,00,00,FFFEFFFE7FB00064
167,00,00,893014703E980000
200,00,00,8000800080000778
21F,00,00,005E007F01000799
240,00,00,8000E0007F800050
3D2,00,00,0900000000000000
202,00,00,000300008900196D
215,00,00,2710271027102710
82,00,00,00007CD2508400DA
45C,00,00,10002F782FB00000
76,00,00,EB0007E475300000
86,00,00,3E80D9B3E69AD2C4
240,00,00,8000E0007F800058
FD,00,00,2200900014000000
78,00,00,DF74FFE098C380D0
21E,00,00,00000000000008F7
45A,00,00,1E6C903D482FDD9D
76,00,00,F00007E175300000
82,00,00,00007CD24F940000
25E,00,00,000000007F800400
165,00,00,4680190008000E74
40A,00,00,BF1C000000000000
215,00,00,2710271027102710
43F,00,00,3EBFFB4400003FC0
75,00,00,F50007DC46508300
243,00,00,C8000820020000BB
25D,00,00,07F83F1000000000
4F2,00,00,0352B0A745005000
130,00,00,0000A01001000000
82,00,00,00007CD24EA40000
240,00,00,8000E0007F800068
75,00,00,FA0007DB46468300
202,00,00,0003000092C01946
42B,00,00,0000BE0410000000
25E,00,00,000000007F800500
202,00,00,0003000096C01936
4D9,00,00,0000000000000000
240,00,00,8000E0007F800070
45A,00,00,1E6C903D482FDD9D
246,00,00,4007FF0800208000
485,00,00,0030011100000000
4FE,00,00,022A000000000000
FD,00,00,2200000014000000
211,00,00,FFFEFFFEAF800064
415,00,00,0014FA00FF005000
200,00,00,800080008000017E
21F,00,00,005E007F0100019F
9E,00,00,D0000050009B3E00
9F,00,00,505B0402A4036C00
3D2,00,00,0A00000000000000
47B,00,00,0000000000000000
49C,00,00,00B6F70A06643A00
45C,00,00,10002F782FB00000
21C,00,00,0101000000000000
240,00,00,8000E0007F800000
40A,00,00,BF1D000000000000
FD,00,00,2200300014000000
79,00,00,DF220001FFE0CB6B
21E,00,00,0000000000000BF4
9A,00,00,0000000088000000
21F,00,00,005E007F0100059B
43E,00,00,00000020C0070820
482,00,00,0092000000000000
166,00,00,003050C00E610000
202,00,00,000300009B801923
420,00,00,5C0000334200F62E
4D9,00,00,0000000000000000
4DA,00,00,3232323C32D4BFC0
244,00,00,64F064F064F064F0
25D,00,00,07F83E5C00000000
FD,00,00,2200700014000000
86,00,00,3E8091FBE6989504
211,00,00,FFFEFFFECF600064
200,00,00,8000800080000877
340,00,00,684C71100C000200
21F,00,00,005E007F01000898
25E,00,00,000000007F800700
165,00,00,4680190008000E74
202,00,00,00030000A0001911
215,00,00,2710271027102710
240,00,00,8000E0007F800018
76,00,00,1D0007E775300000
25D,00,00,07F83E2000000000
82,00,00,00007CD04AF40000
425,00,00,0200000000000000
FD,00,00,2200A00014000000
165,00,00,4680190008000E74
167,00,00,A0B014B03E980000
86,00,00,3E80A1EBE6991484
21F,00,00,005E007F01000B95
25E,00,00,000000007F800800
40A,00,00,BF1E000000000000
202,00,00,00030000A080190F
82,00,00,00007CD059040000
43F,00,00,3EBFFB4400003FC0
75,00,00,270007DD46618300
21C,00,00,0101000000000000
45C,00,00,10002F782FB00000
59B,00,00,1B00AA55AA55AA55
FD,00,00,2200D00014000000
79,00,00,DF280001FF60CE67
21E,00,00,0000000000000EF1
45A,00,00,1E6C9F3D482FDC9D
21F,00,00,005E007F01000F91
82,00,00,00007CD058140000
86,00,00,3E80B1DBE6999404
202,00,00,00030000A1C0190A
215,00,00,2710271027102710
4DA,00,00,3232323C32D4BFC0
4DB,00,00,0000000800000000
4DC,00,00,2981000000000000
244,00,00,64F064F064F064F0
4F0,00,00,0FBC018114000000
488,00,00,0000000000000000
240,00,00,8000E0007F800038
215,00,00,2710271027102710
167,00,00,A23014203E980000
76,00,00,360007E575300000
202,00,00,00030000A2001909
4FA,00,00,0000002300076F00
25E,00,00,000000007F800900
47B,00,00,0000000000000000
495,00,00,0000000000000000
240,00,00,8000E0007F800040
76,00,00,3B0007E675300000
25D,00,00,07F83D6C00000000
82,00,00,00007CD0563400DB
40A,00,00,BF1F000000000000
130,00,00,0000A01001000000
211,00,00,FFFEFFFE00200064
200,00,00,800080008000057A
75,00,00,400007DE464F8300
4F5,00,00,0000000416400000
274,00,00,0000004000040200
25E,00,00,000000007F800A00
166,00,00,003050C00E610000
420,00,00,5C0000334200F62E
42B,00,00,0000BE0410000000
45C,00,00,10002F782FB00000
21C,00,00,0101000000000000
240,00,00,8000E0007F800050
FD,00,00,2200700014000000
130,00,00,0000A01001000000
211,00,00,FFFEFFFE10100064
167,00,00,A23014803E980000
45A,00,00,1E6C9F3D482FDC9D
21F,00,00,005E007F01000997
82,00,00,00007CD054540000
240,00,00,8000E0007F800058
202,00,00,00030000A2001909
215,00,00,2710271027102710
581,00,00,0100AA55AA55AA55
75,00,00,4F0007DE46538300
21D,00,00,7F3FFF000000FFFF
246,00,00,4007FF0800208000
25D,00,00,07F83CF400000000
FD,00,00,2200B00014000000
78,00,00,DF74FFA098C320D8
217,00,00,000000000000D2FA
45C,00,00,10002F782FB00000
76,00,00,540007E375300000
21F,00,00,005E007F01000C94
25E,00,00,000000007F800B00
202,00,00,00030000A180190B
215,00,00,2710271027102710
86,00,00,3E80E9A3E69B5244
43F,00,00,3EBFFB4400003FC0
45A,00,00,1E6C9F3D482FDC9D
25D,00,00,07F83CB800000000
82,00,00,00007CD052740000
FD,00,00,2200E00014000000
130,00,00,0000A01001000000
215,00,00,2710271027102710
166,00,00,003050C00E610000
76,00,00,5E0007E675300000
202,00,00,00030000A140190C
42B,00,00,0000BE0410000000
165,00,00,4680190008000E74
202,00,00,00030000A140190C
82,00,00,00007CD051840000
4DA,00,00,3232323C32D4BFC0
75,00,00,630007DE464A8300
246,00,00,C007FF0800208000
485,00,00,0030011100000000
488,00,00,0000000000000000
FD,00,00,2200100014000000
211,00,00,FFFEFFFE4FE00064
415,00,00,0016F800FF005800
45A,00,00,1E6C9F3D482FDC9D
21F,00,00,005E007F0100039D
4FE,00,00,022B000000000000
240,00,00,8000E0007F800000
25F,00,00,0000000000000000
215,00,00,2710271027102710
49C,00,00,00B6F70A06643A00
75,00,00,6D0007DC464E8300
21D,00,00,7F3FFF000000FFFF
246,00,00,0007FF0800208000
25D,00,00,07F8000000000000
40A,00,00,BF21000000000000
78,00,00,DF6F004098C350D2
217,00,00,000000000000D5F7
9A,00,00,0000000088000000
43F,00,00,3EBFFB4400003FC0
45C,00,00,10002F782FB00000
482,00,00,0092000000000000
166,00,00,003050C00E610000
202,00,00,000300009D40191C
240,00,00,8000E0007F800010
4D9,00,00,0000000000000000
76,00,00,770007E775300000
25D,00,00,07F83FC400000000
82,00,00,00007CD24DB400DA
FD,00,00,2200800014000000
130,00,00,0000A01001000000
215,00,00,2710271027102710
167,00,00,9C3014903E980000
202,00,00,000300009C001921
21F,00,00,005E007F01000997
25E,00,00,000000007F800E00
165,00,00,4680190008000E74
202,00,00,000300009C001921
82,00,00,00007CD04DC400DB
45C,00,00,10002F782FB00000
75,00,00,810007DC46568300
86,00,00,3E80A1EBE6991484
25D,00,00,07F83F8800000000
425,00,00,0200000000000000
FD,00,00,2200B00014000000
211,00,00,FFFEFFFE7FB00064
167,00,00,987014C03E980000
45A,00,00,1E6CAC3D482FDC9D
21F,00,00,005E007F01000D93
82,00,00,00007CD04CD40000
240,00,00,8000E0007F800028
202,00,00,0003000098401930
215,00,00,2710271027102710
43F,00,00,3EBFFB4400003FC0
75,00,00,8B0007E046518300
21D,00,00,7F3FFF000000FFFF
246,00,00,C007FF0800208000
25D,00,00,07F83F4C00000000
86,00,00,3E80B1DBE6999404
78,00,00,DF78FFA098C380D0
217,00,00,000000000000D8F4
45C,00,00,10002F782FB00000
200,00,00,800080008000007F
202,00,00,000300008F401954
42B,00,00,0000BE0410000000
202,00,00,000300008B401964
215,00,00,2710271027102710
240,00,00,8000E0007F800038
4DB,00,00,0000000800000000
4DC,00,00,2981000000000000
35F,00,00,0000000000000000
4FE,00,00,022B000000000000
FD,00,00,2200200014000000
78,00,00,DF75002098C390CC
215,00,00,2710271027102710
86,00,00,3E80C1CBE69A1384
202,00,00,0003000087001975
4F8,00,00,0500000000000000
9E,00,00,D0000050009B3E00
25E,00,00,000000007F800000
47B,00,00,0000000000000000
49C,00,00,00B6F70A06643A00
45C,00,00,10002F782FB00000
76,00,00,9F0007E375300000
240,00,00,8000E0007F800048
3D2,00,00,0880010000000000
40A,00,00,C101575336303133
130,00,00,0000A01001000000
211,00,00,FFFEFFFEAF800064
200,00,00,8000800080000679
75,00,00,A40007DB46528300
45A,00,00,1E6CAC3D482FDC9D
91,00,00,C040C00E31000000
482,00,00,0092000000000000
166,00,00,003050C00E610000
420,00,00,5C0000334200F62E
42B,00,00,0000BE0410000000
4D9,00,00,0000000000000000
21D,00,00,7F3FFF000000FFFF
246,00,00,8007FF0800208000
25D,00,00,07F83E9800000000
FD,00,00,2200900014000000
79,00,00,DF220001FFE0CB6B
21E,00,00,0000000000000BF4
45C,00,00,10002F782FB00000
76,00,00,AE0007E675300000
25E,00,00,000000007F800100
165,00,00,4680190008000E74
202,00,00,00030000650019FE
86,00,00,3E80E1ABE69B1284
3D2,00,00,0900000000000000
45A,00,00,1E6CAC3D482FDC9D
21D,00,00,7F3FFF000000FFFF
82,00,00,00007CD056340000
4F7,00,00,0008000080000000
FD,00,00,2200C00014000000
78,00,00,DF6EFFE099C3C0CE
21E,00,00,0000000000000CF3
200,00,00,8000800080000D72
202,00,00,0003000060401911
21F,00,00,005E007F01000D93
25E,00,00,000000007F800200
202,00,00,0003000060401911
215,00,00,2710271027102710
82,00,00,00007CD2544400DA
43F,00,00,3EBFFB4400003FC0
45B,00,00,03FFFFFFFFFFFF80
25D,00,00,07F83E2000000000
45C,00,00,10002F782FB00000
FD,00,00,2200F00014000000
130,00,00,0000A01001000000
215,00,00,2710271027102710
3D2,00,00,0980000000000000
200,00,00,800080008000007F
202,00,00,0003000056C01937
240,00,00,8000E0007F800078
165,00,00,4680190008000E74
202,00,00,0003000056C01937
9D,00,00,0001FFE400000000
4DA,00,00,3232323C32D4BFC0
76,00,00,C70007E375300000
21C,00,00,0101000000000000
25D,00,00,07F83DE400000000
488,00,00,0000000000000000
FD,00,00,2200300014000000
211,00,00,FFFEFFFEEF400064
415,00,00,0018F600FF006000
75,00,00,CC0007DD46508300
21F,00,00,005E007F0100049C
9E,00,00,D0000050009B3E00
165,00,00,4680190008000E74
436,00,00,10019912FF640001
215,00,00,2710271027102710
49C,00,00,00B6F70A06643A00
75,00,00,D10007DB46498300
21C,00,00,0101000000000000
82,00,00,00007CD2517400DA
40A,00,00,C103380001891200
FD,00,00,2200600014000000
79,00,00,DF22000200A0CF63
21E,00,00,0000000000000FF0
9A,00,00,0000000088000000
43F,00,00,3EBFFB4400003FC0
48B,00,00,00078A6038000009
482,00,00,0092000000000000
166,00,00,003050C00E610000
215,00,00,2710271027102710
82,00,00,00007CD0518400DB
45C,00,00,10002F782FB00000
86,00,00,3E8099F3E698D4C4
4DA,00,00,3232323C32D4BFC0
FD,00,00,2200900014000000
130,00,00,0000A01001000000
78,00,00,DF6F004098C300D7
217,00,00,000000000000D0FC
202,00,00,000300002F4019D6
76,00,00,E00007E675300000
82,00,00,00007CD050940000
3D2,00,00,0A80000000000000
165,00,00,4680190008000E74
202,00,00,000300002F4019D6
215,00,00,2710271027102710
75,00,00,E50007DE46578300
76,00,00,E50007E475300000
243,00,00,48000820020000C3
25D,00,00,07F83D3000000000
240,00,00,8000E0007F800028
130,00,00,0000A01001000000
82,00,00,00007CD04FA40000
200,00,00,8000800080000D72
76,00,00,EA0007E475300000
21F,00,00,005E007F01000E92
25E,00,00,000000007F800500
40A,00,00,C104000008140000
202,00,00,000300001900192F
240,00,00,8000E0007F800030
43F,00,00,3EBFFB4400003FC0
76,00,00,EF0007E275300000
246,00,00,4007FF0800208000
82,00,00,00007CD04EB40000
3D2,00,00,0B00000000000000
130,00,00,0000A01001000000
211,00,00,FFFEFFFE20000064
86,00,00,3E80B9D3E699D3C4
75,00,00,F40007DD46458300
21F,00,00,005E007F0100019F
42B,00,00,0000BE0410000000
4D4,00,00,0000000000000000
202,00,00,0003000013801945
4D9,00,00,0000000000000000
4DB,00,00,0000000800000000
45C,00,00,10002F782FB00000
4FA,00,00,000000230007FD40
4FE,00,00,022C000000000000
488,00,00,0000000000000000
FD,00,00,2200300014000000
130,00,00,0000A01001000000
217,00,00,000000000000D3F9
45A,00,00,1E6CAD3D482FDC9D
202,00,00,0003000008001973
82,00,00,00007CD04CD40000
240,00,00,8000E0007F800048
25F,00,00,0000000000000000
48E,00,00,006C000000000000
49C,00,00,00B6F70A06643A00
75,00,00,030007DD46508300
3D2,00,00,0B80000000000000
245,00,00,8017E80180200000
25D,00,00,07F83C7C00000000
40A,00,00,BF01310000000000
165,00,00,4680190008000E74
211,00,00,FFFEFFFE4FE00064
200,00,00,8000800080000778
9B,00,00,0200000020000000
4F5,00,00,0000000416400000
43F,00,00,3EBFFB4400003FC0
25E,00,00,000000007F800700
45C,00,00,10002F782FB00000
420,00,00,5C0000334200F62E
42B,00,00,0000BE0410000000
76,00,00,0D0007E375300000
246,00,00,0007FF0800208000
82,00,00,00007CD04AF400DB
FD,00,00,2200A00014000000
130,00,00,0000A01001000000
211,00,00,FFFEFFFE5FD00064
167,00,00,003014B03E980000
75,00,00,120007E1464E8300
21F,00,00,005E007F01000B95
25E,00,00,000000007F800800
165,00,00,4680190008000E74
591,00,00,1100AA55AA55AA55
82,00,00,00007CD2580400DA
45C,00,00,10002F782FB00000
75,00,00,170007E146498300
21C,00,00,0101000000000000
25D,00,00,07F83FC400000000
4F7,00,00,0008000080000000
130,00,00,0000A01001000000
79,00,00,DF220001FFE0C670
21E,00,00,00000000000006F9
45A,00,00,1E6CAD3D482FDC9D
21F,00,00,005E007F01012E71
82,00,00,00007CD0581400DB
25E,00,00,000000007F800800
202,00,00,0003000000001993
215,00,00,2710271027102710
43F,00,00,3EBFFB4400003FC0
75,00,00,210007DA465A8300
21D,00,00,7F3FFF000000FFFF
244,00,00,64F064F064F064F0
25D,00,00,07F83F8800000000
240,00,00,7F00E0007F800078
78,00,00,DF6EFFE098C370D4
217,00,00,000000000000D7F5
45C,00,00,10002F782FB00000
200,00,00,800080008000027D
202,00,00,0003000000001993
42B,00,00,0000BE0410000000
165,00,00,4680190008000E74
4D4,00,00,0000000000000000
9D,00,00,0001FFEC00000000
4DB,00,00,0000000800000000
76,00,00,2B0007E575300000
35F,00,00,0000000000000000
488,00,00,0000000000000000
FD,00,00,2200400014000000
130,00,00,0000A01001000000
215,00,00,2710271027102710
167,00,00,003014503E980000
200,00,00,800080008000057A
202,00,00,0003000000001993
4FE,00,00,022C000000000000
9F,00,00,505B0402A4037800
445,00,00,0000060000000000
82,00,00,00007CD055440000
49C,00,00,00B6F70A06643A00
75,00,00,350007DD46508300
21C,00,00,0101000000000000
25D,00,00,07F83F1000000000
40A,00,00,C00100020B390033
FD,00,00,2200700014000000
211,00,00,FFFEFFFE9F900064
167,00,00,003014803E980000
75,00,00,3A0007DF46508300
21F,00,00,005E007F01012976
45B,00,00,03FFFFFFFFFFFF80
482,00,00,0092000000000000
166,00,00,003050C00E610000
215,00,00,2710271027102710
42B,00,00,0000BE0410000000
4D9,00,00,0000000000000000
21D,00,00,7F3FFF000000FFFF
246,00,00,4007FF0800208000
240,00,00,8000E0007F800020
FD,00,00,2200B00014000000
78,00,00,DF74FFA098C3A0D0
217,00,00,000000000000DAF2
202,00,00,0003000000001993
21F,00,00,005E007F01012C73
25E,00,00,000000007F800B00
165,00,00,4680190008000E74
86,00,00,3E80A9E3E6995444
215,00,00,2710271027102710
45A,00,00,1E6CA93D482FDC9D
75,00,00,490007DE464D8300
21D,00,00,7F3FFF000000FFFF
82,00,00,00007CD052740000
425,00,00,0200000000000000
FD,00,00,2200E00014000000
78,00,00,DF74FFE098C3B0CD
217,00,00,000000000000DBF1
200,00,00,8000800080000F70
202,00,00,0003000000001993
21F,00,00,005E007F01012F70
25E,00,00,000000007F800C00
40A,00,00,BF003D4001C5BE00
202,00,00,0003000000001993
82,00,00,00007CD2508400DA
43F,00,00,3EBFFB4400003FC0
45B,00,00,0400150007012980
25D,00,00,07F83E5C00000000
45C,00,00,10002F782FB00000
FD,00,00,2200100014000000
165,00,00,4680190008000E74
215,00,00,2710271027102710
167,00,00,003014203E980000
202,00,00,0003000000001993
240,00,00,8000E0007F800040
4D4,00,00,0000000000000000
165,00,00,4680190008000E74
202,00,00,0003000000001993
9D,00,00,0001FFF000000000
4DB,00,00,0000000800000000
76,00,00,5D0007E675300000
21D,00,00,7F3FFF000000FFFF
246,00,00,0007FF0800208000
488,00,00,0000000000000000
FD,00,00,2200500014000000
79,00,00,DF240001FFE0CD68
21E,00,00,0000000000000DF2
75,00,00,620007DD464F8300
21F,00,00,005E007F01012679
9E,00,00,D0000050009B3E00
165,00,00,4680190008000E74
86,00,00,3E80D1BBE69A9304
48E,00,00,006C000000000000
49C,00,00,00B6F70A06643A00
75,00,00,670007E146558300
21D,00,00,7F3FFF000000FFFF
82,00,00,00007CD04EB40000
40A,00,00,BF02200000000003
FD,00,00,2200800014000000
78,00,00,DF6EFFE098C3E0CD
217,00,00,000000000000DEEE
9A,00,00,0000000088000000
43F,00,00,3EBFFB4400003FC0
48B,00,00,00078A6038000009
482,00,00,0092000000000000
165,00,00,4680190008000E74
166,00,00,003050C00E610000
82,00,00,00007CD04DC40000
4D9,00,00,0000000000000000
4DA,00,00,3232323C32D4BFC0
246,00,00,8007FF0800208000
25D,00,00,07F83DA800000000
FD,00,00,2200B00014000000
130,00,00,0000A01001000000
215,00,00,2710271027102710
167,00,00,003014C03E980000
202,00,00,0003000000001993
4F2,00,00,0352B0A745005000
82,00,00,00007CD04CD40000
165,00,00,4680190008000E74
202,00,00,0003000000001993
215,00,00,2710271027102710
75,00,00,7B0007DF46448300
76,00,00,7B0007E675300000
21C,00,00,0101000000000000
246,00,00,C007FF0800208000
4F7,00,00,0008000080000000
130,00,00,0000A01001000000
211,00,00,FFFEFFFE00200064
21E,00,00,00000000000000FF
76,00,00,800007E175300000
21F,00,00,005E007F0101207F
25E,00,00,000000007F800F00
40A,00,00,BF03200001000000
240,00,00,8000E0007F800078
215,00,00,2710271027102710
43F,00,00,3EBFFB4400003FC0
76,00,00,850007DD75300000
21C,00,00,0101000000000000
82,00,00,00007CD249F400DA
FD,00,00,2200200014000000
130,00,00,0000A01001000000
86,00,00,3E80820BE6981584
166,00,00,003050C00E610000
76,00,00,8A0007E275300000
202,00,00,0003000000001993
21F,00,00,005E007F0101237C
3D2,00,00,0980000000000000
202,00,00,0003000000001993
215,00,00,2710271027102710
4DA,00,00,3232323C32D4BFC0
45C,00,00,10002F782FB00000
21D,00,00,7F3FFF000000FFFF
485,00,00,0030011100000000
4FE,00,00,022D000000000000
FD,00,00,2200500014000000
78,00,00,DF74FF8098C320D9
21E,00,00,00000000000002FD
45A,00,00,1E6C9E3D482FDC9D
202,00,00,0003000000001993
82,00,00,00007CCE591400DB
9E,00,00,D0000050009B3E00
25E,00,00,000000007F800100
477,00,00,0000000000000000
49C,00,00,00B6F70A06643A00
75,00,00,990007DD46528300
76,00,00,990007E475300000
245,00,00,8017E80180200000
240,00,00,8000E0007F800018
40A,00,00,BF04338F50200006
165,00,00,4680190008000E74
167,00,00,013014903E980000
3D2,00,00,0A00000000000000
21F,00,00,005E007F01012A75
4F5,00,00,0000000416400000
274,00,00,0000004000040200
4F3,00,00,1A48000401C90168
240,00,00,8000E0007F800020
420,00,00,5C0000334200F62E
42B,00,00,0000BE0410000000
76,00,00,A30007E875300000
246,00,00,C007FF0800208000
82,00,00,00007CD056340000
FD,00,00,2200C00014000000
130,00,00,0000A01001000000
86,00,00,3E80A9E3E6995444
240,00,00,8000E0007F800028
75,00,00,A80007DE46528300
21F,00,00,005E007F01012D72
25E,00,00,000000007F800200
165,00,00,4680190008000E74
202,00,00,000300000D40195E
82,00,00,00007CD055440000
86,00,00,3E80B1DBE6999404
76,00,00,AD0007E175300000
21C,00,00,0101000000000000
4F2,00,00,0352B0A745005000
425,00,00,0200000000000000
FD,00,00,2200F00014000000
79,00,00,DF220001FFE0C571
21E,00,00,00000000000005FA
45A,00,00,1E6C9E3D482FDC9D
86,00,00,3E80B9D3E699D3C4
82,00,00,00007CD054540000
25E,00,00,000000007F800200
165,00,00,4680190008000E74
202,00,00,0003000016801939
215,00,00,2710271027102710
43F,00,00,3EBFFB4400003FC0
45B,00,00,03FFFFFFFFFFFF80
245,00,00,8017E80180200000
25D,00,00,07F83FC400000000
FD,00,00,2200300014000000
165,00,00,4680190008000E74
166,00,00,003050C00E610000
167,00,00,217014303E980000
202,00,00,00030000274019F6
21F,00,00,005E007F0100049C
4D4,00,00,0000000000000000
165,00,00,4680190008000E74
3D2,00,00,0B00000000000000
9D,00,00,0001FFF800000000
4DB,00,00,0000000800000000
76,00,00,C10007E775300000
21C,00,00,0101000000000000
485,00,00,0030011100000000
488,00,00,0000000000000000
FD,00,00,2200600014000000
86,00,00,3E80D1BBE69A9304
167,00,00,337014703E980000
76,00,00,C60007E475300000
21F,00,00,005E007F01000799
9E,00,00,D0000050009B3E00
165,00,00,4680190008000E74
477,00,00,0000000000000000
495,00,00,0000000000000000
86,00,00,3E80D9B3E69AD2C4
76,00,00,CB0007E375300000
21D,00,00,7F3FFF000000FFFF
25D,00,00,07F83F4C00000000
40A,00,00,BF06410000100000
FD,00,00,2200900014000000
79,00,00,DF2400020060C86A
21E,00,00,00000000000008F7
9A,00,00,0000000088000000
240,00,00,8000E0007F800060
45A,00,00,1E6C9E3D482FDC9D
482,00,00,0092000000000000
166,00,00,003050C00E610000
215,00,00,2710271027102710
420,00,00,5C0000334200F62E
4D9,00,00,0000000000000000
4DA,00,00,3232323C32D4BFC0
244,00,00,64F064F064F064F0
25D,00,00,07F83F1000000000
FD,00,00,2200D00014000000
130,00,00,0000A01001000000
215,00,00,2710271027102710
200,00,00,8000800080000E71
202,00,00,000300004E801958
21F,00,00,005E007F01000E92
25E,00,00,000000007F800500
165,00,00,4680190008000E74
202,00,00,0003000057801934
215,00,00,2710271027102710
45A,00,00,1E6C9E3D482FDC9D
76,00,00,DF0007E075300000
246,00,00,4007FF0800208000
82,00,00,00007CD24DB400DA
425,00,00,0200000000000000
FD,00,00,2200000014000000
165,00,00,4680190008000E74
240,00,00,8000E0007F800078
202,00,00,000300005B801924
21F,00,00,005E007F0100019F
3D0,00,00,00000000000000BE
25E,00,00,000000007F800600
202,00,00,000300005B801924
82,00,00,00007CD24CC40000
240,00,00,8000E0007F800000
76,00,00,E90007E575300000
21D,00,00,7F3FFF000000FFFF
45C,00,00,10002F782FB00000
FD,00,00,2200300014000000
130,00,00,0000A01001000000
211,00,00,FFFEFFFEBF700064
166,00,00,003050C00E610000
76,00,00,EE0007E775300000
202,00,00,0003000062801908
82,00,00,00007CD04CD400DB
42B,00,00,0000BE0410000000
202,00,00,0003000062801908
596,00,00,1600AA55AA55AA55
4DA,00,00,3232323C32D4BFC0
75,00,00,F30007DD46538300
21D,00,00,7F3FFF000000FFFF
240,00,00,8000E0007F800010
4FA,00,00,000000230007AF80
488,00,00,0000000000000000
78,00,00,DF6AFFE098C3C0D1
217,00,00,000000000000DCF0
45C,00,00,10002F782FB00000
202,00,00,000300006BC019E3
21F,00,00,005E007F01000898
4FE,00,00,022D000000000000
165,00,00,4680190008000E74
477,00,00,0000000000000000
495,00,00,0000000000000000
45A,00,00,1E6C9E3D482FDC9D
76,00,00,FD0007E475300000
82,00,00,00007CD04AF400DB
40A,00,00,BF08212200777700
FD,00,00,2200A00014000000
165,00,00,4680190008000E74
211,00,00,FFFEFFFEDF500064
5C7,00,00,4700FFFFFFFFFFFF
9B,00,00,0200000020000000
4F5,00,00,0000000416400000
274,00,00,0000004000040200
25E,00,00,000000007F800800
48B,00,00,00078A6038000009
420,00,00,5C0000334200F62E
42B,00,00,0000BE0410000000
76,00,00,070007E275300000
246,00,00,4007FF0800208000
25D,00,00,07F83DE400000000
FD,00,00,2200D00014000000
130,00,00,0000A01001000000
211,00,00,FFFEFFFEEF400064
21E,00,00,0000000000000EF1
340,00,00,68EBD1100C000200
240,00,00,8000E0007F800030
82,00,00,00007CD058140000
25E,00,00,000000007F800800
202,00,00,00030000784019B1
215,00,00,2710271027102710
75,00,00,110007DF46528300
76,00,00,110007E475300000
21D,00,00,7F3FFF000000FFFF
244,00,00,64F064F064F064F0
25D,00,00,07F83DA800000000
425,00,00,0200000000000000
79,00,00,DF240001FF20CF69
21E,00,00,0000000000000FF0
45C,00,00,10002F782FB00000
202,00,00,000300007CC0199F
21F,00,00,005E007F0100029E
86,00,00,3E80C1CBE69A1384
202,00,00,000300008100198D
215,00,00,2710271027102710
43F,00,00,3EBFFB4400003FC0
76,00,00,1B0007E775300000
45A,00,00,1E6C9E3D482FDC9D
82,00,00,00007CD2553400DA
59B,00,00,1B00AA55AA55AA55
FD,00,00,2200400014000000
130,00,00,0000A01001000000
217,00,00,000000000000D0FC
167,00,00,833014503E980000
200,00,00,800080008000057A
202,00,00,0003000083001985
42B,00,00,0000BE0410000000
165,00,00,4680190008000E74
202,00,00,0003000083001985
9D,00,00,0001FFC000000000
4DA,00,00,3232323C32D4BFC0
4DC,00,00,2981000000000000
25D,00,00,07F83D3000000000
4FA,00,00,000000230007CE80
FD,00,00,2200700014000000
78,00,00,DF72FFE098C310D8
215,00,00,2710271027102710
165,00,00,4680190008000E74
200,00,00,8000800080000877
202,00,00,0003000087001975
4FE,00,00,022E000000000000
25E,00,00,000000007F800A00
47B,00,00,0000000000000000
49C,00,00,00B6F70A06643A00
75,00,00,2F0007DE46558300
76,00,00,2F0007E475300000
21C,00,00,0101000000000000
244,00,00,64F064F064F064F0
40A,00,00,BF10100000200000
130,00,00,0000A01001000000
211,00,00,FFFEFFFE20000064
3D1,00,00,0000000000334900
9A,00,00,0000000088000000
43F,00,00,3EBFFB4400003FC0
91,00,00,C040C00639000000
240,00,00,8000E0007F800068
166,00,00,003050C00E610000
202,00,00,000300008DC0195A
42B,00,00,0000BE0410000000
75,00,00,390007DD464A8300
21D,00,00,7F3FFF000000FFFF
82,00,00,00007CD2517400DA
86,00,00,3E80F19BE69B9204
240,00,00,8000E0007F800070
79,00,00,DF280001FF60C372
21E,00,00,00000000000003FC
340,00,00,68FBC1100C000200
202,00,00,000300008F001955
21F,00,00,005E007F01000F91
25E,00,00,000000007F800C00
202,00,00,000300008F001955
215,00,00,2710271027102710
240,00,00,8000E0007F800078
75,00,00,430007DF46528300
581,00,00,0100AA55AA55AA55
25D,00,00,07F83C7C00000000
4F7,00,00,0008000080000000
425,00,00,0200000000000000
165,00,00,4680190008000E74
217,00,00,000000000000D4F8
202,00,00,0003000092C01946
45A,00,00,1E6C993D482FDC9D
82,00,00,00007CD050940000
25E,00,00,000000007F800C00
165,00,00,4680190008000E74
202,00,00,0003000092C01946
215,00,00,2710271027102710
43F,00,00,3EBFFB4400003FC0
45B,00,00,0400150007012980
21C,00,00,0101000000000000
246,00,00,0007FF0800208000
25D,00,00,07F8000000000000
FD,00,00,2200500014000000
165,00,00,4680190008000E74
166,00,00,003050C00E610000
200,00,00,8000800080000679
202,00,00,000300009540193C
21F,00,00,005E007F0100069A
25E,00,00,000000007F800D00
202,00,00,0003000097401934
4D9,00,00,0000000000000000
4DA,00,00,3232323C32D4BFC0
45A,00,00,1E6C993D482FDC9D
21C,00,00,0101000000000000
4FA,00,00,000000230007FD40
4FE,00,00,022E000000000000
FD,00,00,2200800014000000
211,00,00,FFFEFFFE6FC00064
415,00,00,0010FE00FF004000
76,00,00,5C0007EA75300000
21F,00,00,005E007F01000997
9E,00,00,D0000050009B3E00
165,00,00,4680190008000E74
25F,00,00,0000000000000000
48E,00,00,006C000000000000
49C,00,00,00B6F70A06643A00
76,00,00,610007E675300000
21C,00,00,0101000000000000
25D,00,00,07F83F8800000000
40A,00,00,BF127613955A55F2
3D2,00,00,0A00000000000000
79,00,00,DF1E0001FFE0C771
21E,00,00,00000000000007F8
76,00,00,660007E975300000
240,00,00,8000E0007F800028
45A,00,00,1E6C993D482FDC9D
482,00,00,0092000000000000
166,00,00,003050C00E610000
215,00,00,2710271027102710
420,00,00,5C0000334200F62E
75,00,00,6B0007DB46538300
4DA,00,00,3232323C32D4BFC0
243,00,00,18000820020000C6
25D,00,00,07F83F4C00000000
FD,00,00,2200F00014000000
130,00,00,0000A01001000000
215,00,00,2710271027102710
200,00,00,800080008000007F
45C,00,00,10002F782FB00000
21F,00,00,005E007F010000A0
240,00,00,8000E0007F800038
165,00,00,4680190008000E74
202,00,00,000300009C001921
215,00,00,2710271027102710
3D2,00,00,0A80000000000000
76,00,00,750007E575300000
25D,00,00,07F83F1000000000
82,00,00,00007CD04AF400DB
425,00,00,0200000000000000
130,00,00,0000A01001000000
167,00,00,9C7014303E980000
200,00,00,800080008000037C
21F,00,00,005E007F0100039D
25E,00,00,000000007F800000
165,00,00,4680190008000E74
202,00,00,000300009C401920
215,00,00,2710271027102710
240,00,00,8000E0007F800048
43F,00,00,3EBFFB4400003FC0
45B,00,00,01021CA9CA013900
45C,00,00,10002F782FB00000
FD,00,00,2200500014000000
130,00,00,0000A01001000000
78,00,00,DF7B002098C3A0C8
21E,00,00,0000000000000AF5
200,00,00,8000800080000679
45A,00,00,1E6C993D482FDC9D
82,00,00,00007CD2571400DA
4D4,00,00,0000000000000000
165,00,00,4680190008000E74
202,00,00,000300009C001921
9D,00,00,0001FFC800000000
4DC,00,00,2981000000000000
4FA,00,00,0000002300072FC0
243,00,00,28000820020000C5
35F,00,00,0000000000000000
488,00,00,0000000000000000
FD,00,00,2200900014000000
211,00,00,FFFEFFFEBF700064
415,00,00,0011FD00FF004400
202,00,00,000300009BC01922
21F,00,00,005E007F01000A96
240,00,00,8000E0007F800060
25E,00,00,000000007F800100
47B,00,00,0000000000000000
49C,00,00,00B6F70A06643A00
45A,00,00,1E6C993D482FDC9D
76,00,00,930007E675300000
246,00,00,C007FF0800208000
82,00,00,00007CD0563400DB
40A,00,00,BF1400000D68A028
FD,00,00,2200C00014000000
211,00,00,FFFEFFFECF600064
588,00,00,0800AA55AA55AA55
9A,00,00,0000000088000000
45B,00,00,0204AA6DB4FFFFFF
50,00,00,02000001AA55AAFB
482,00,00,0092000000000000
166,00,00,003050C00E610000
86,00,00,3E80F19BE69B9204
420,00,00,5C0000334200F62E
75,00,00,9D0007DE464A8300
4D9,00,00,0000000000000000
25D,00,00,07F83E2000000000
FD,00,00,2200F00014000000
130,00,00,0000A01001000000
79,00,00,DF2C0001FFE0CD64
21E,00,00,0000000000000DF2
340,00,00,681CA1100C000200
202,00,00,000300009900192D
82,00,00,00007CD054540000
25E,00,00,000000007F800300
202,00,00,000300009900192D
215,00,00,2710271027102710
75,00,00,A70007E246488300
76,00,00,A70007E475300000
240,00,00,8000E0007F800000
244,00,00,64F064F064F064F0
25D,00,00,07F83DE400000000
425,00,00,0200000000000000
130,00,00,0000A01001000000
215,00,00,2710271027102710
200,00,00,800080008000047B
202,00,00,000300009580193B
21F,00,00,005E007F0100049C
240,00,00,8000E0007F800008
165,00,00,4680190008000E74
202,00,00,0003000093C01942
215,00,00,2710271027102710
43F,00,00,3EBFFB4400003FC0
45A,00,00,1E6CA23D482FDC9D
25D,00,00,07F83DA800000000
82,00,00,00007CD2517400DA
240,00,00,8000E0007F800010
FD,00,00,2200600014000000
215,00,00,2710271027102710
166,00,00,003050C00E610000
200,00,00,8000800080000778
202,00,00,0003000091C0194A
42B,00,00,0000BE0410000000
25E,00,00,000000007F800400
202,00,00,0003000091C0194A
82,00,00,00007CD0518400DB
4DA,00,00,3232323C32D4BFC0
45C,00,00,10002F782FB00000
21C,00,00,0101000000000000
485,00,00,0030011100000000
488,00,00,0000000000000000
FD,00,00,2200900014000000
211,00,00,FFFEFFFE00200064
86,00,00,3E80A1EBE6991484
76,00,00,C00007DF75300000
21F,00,00,005E007F01000B95
82,00,00,00007CD24F9400DA
4F8,00,00,0500000000000000
202,00,00,000300008980196B
215,00,00,2710271027102710
49C,00,00,00B6F70A06643A00
76,00,00,C50007E475300000
240,00,00,8000E0007F800028
244,00,00,64F064F064F064F0
25D,00,00,07F83D3000000000
40A,00,00,BF16702065000000
78,00,00,DF79002098C310D2
215,00,00,2710271027102710
202,00,00,0003000082001989
43F,00,00,3EBFFB4400003FC0
4F5,00,00,0000000416400000
45C,00,00,10002F782FB00000
165,00,00,4680190008000E74
166,00,00,003050C00E610000
420,00,00,5C0000334200F62E
42B,00,00,0000BE0410000000
45A,00,00,1E6CA23D482FDC9D
25D,00,00,07F83CF400000000
82,00,00,00007CD04EB40000
240,00,00,8000E0007F800038
165,00,00,4680190008000E74
215,00,00,2710271027102710
200,00,00,800080008000017E
21F,00,00,005E007F0100019F
25E,00,00,000000007F800600
165,00,00,4680190008000E74
202,00,00,0003000074C019BF
240,00,00,8000E0007F800040
82,00,00,00007CD04DC40000
75,00,00,D90007DE464B8300
45C,00,00,10002F782FB00000
25D,00,00,07F83CB800000000
425,00,00,0200000000000000
FD,00,00,2200300014000000
130,00,00,0000A01001000000
217,00,00,000000000000D3F9
200,00,00,800080008000047B
202,00,00,000300006A8019E8
21F,00,00,005E007F0100059B
82,00,00,00007CD04CD40000
165,00,00,4680190008000E74
202,00,00,000300006A8019E8
215,00,00,2710271027102710
75,00,00,E30007E046558300
240,00,00,7F00E0007F800050
242,00,00,5ABAAE7FC000009A
25D,00,00,07F83C7C00000000
FD,00,00,2200700014000000
130,00,00,0000A01001000000
82,00,00,00007CD24AE400DA
21E,00,00,00000000000004FB
45C,00,00,10002F782FB00000
21F,00,00,005E007F01000898
42B,00,00,0000BE0410000000
25E,00,00,000000007F800700
202,00,00,000300005540193D
4DA,00,00,3232323C32D4BFC0
4DB,00,00,0000000800000000
45A,00,00,1E6CA23D482FDC9D
21C,00,00,0101000000000000
4FE,00,00,022F000000000000
86,00,00,3E80E1ABE69B1284
240,00,00,8000E0007F800060
79,00,00,DF240001FF60C572
21E,00,00,00000000000005FA
76,00,00,F20007E475300000
202,00,00,0003000050001952
21F,00,00,005E007F01000B95
9E,00,00,D0000050009B3E00
202,00,00,0003000050001952
47B,00,00,0000000000000000
49C,00,00,00B6F70A06643A00
76,00,00,F70007E775300000
45C,00,00,10002F782FB00000
25D,00,00,07F83FC400000000
3D2,00,00,0880010000000000
40A,00,00,BF18000000000000
165,00,00,4680190008000E74
217,00,00,000000000000D6F6
75,00,00,FC0007DD46508300
9B,00,00,0200000020000000
4F5,00,00,0000000416400000
43F,00,00,3EBFFB4400003FC0
165,00,00,4680190008000E74
45B,00,00,01021CA9CA013900
420,00,00,5C0000334200F62E
42B,00,00,0000BE0410000000
240,00,00,8000E0007F800078
242,00,00,6ABAAE7FC0000099
25D,00,00,07F83F8800000000
FD,00,00,2200100014000000
130,00,00,0000A01001000000
82,00,00,00007CD2562400DA
167,00,00,3AB014103E980000
45C,00,00,10002F782FB00000
21F,00,00,005E007F0100029E
240,00,00,8000E0007F800000
25E,00,00,000000007F800900
202,00,00,000300002B0019E7
215,00,00,2710271027102710
75,00,00,0B0007DB46538300
45A,00,00,1E6CA53D482FDC9D
21C,00,00,0101000000000000
82,00,00,00007CD0563400DB
240,00,00,8000E0007F800008
130,00,00,0000A01001000000
79,00,00,DF2200020060C86B
21E,00,00,00000000000008F7
202,00,00,00030000260019FB
21F,00,00,005E007F0100059B
25E,00,00,000000007F800A00
165,00,00,4680190008000E74
86,00,00,3E8091FBE6989504
82,00,00,00007CD055440000
75,00,00,150007DC46598300
43F,00,00,3EBFFB4400003FC0
21D,00,00,7F3FFF000000FFFF
45C,00,00,10002F782FB00000
FD,00,00,2200700014000000
130,00,00,0000A01001000000
211,00,00,FFFEFFFE9F900064
166,00,00,003050C00E600000
3D2,00,00,0980000000000000
202,00,00,000300001BC01924
82,00,00,00007CD054540000
42B,00,00,0000BE0410000000
202,00,00,000300001BC01924
215,00,00,2710271027102710
4DA,00,00,3232323C32D4BFC0
86,00,00,3E80A1EBE6991484
21D,00,00,7F3FFF000000FFFF
246,00,00,4007FF0800208000
4FA,00,00,0000002300078C00
488,00,00,0000000000000000
78,00,00,DF6B002098C3A0D0
217,00,00,000000000000DAF2
76,00,00,240007EA75300000
202,00,00,000300000CC01960
240,00,00,8000E0007F800028
4FE,00,00,022F000000000000
25E,00,00,000000007F800B00
477,00,00,0000000000000000
49C,00,00,00B6F70A06643A00
75,00,00,290007DE46458300
45A,00,00,1E6CA53D482FDC9D
82,00,00,00007CD052740000
3D2,00,00,0A00000000000000
40A,00,00,C00100020B390033
165,00,00,4680190008000E74
215,00,00,2710271027102710
200,00,00,8000800080000F70
43F,00,00,3EBFFB4400003FC0
4F5,00,00,0000000416400000
482,00,00,0092000000000000
4F3,00,00,1A48000401C90168
240,00,00,8000E0007F800038
420,00,00,5C0000334200F62E
42B,00,00,0000BE0410000000
4D9,00,00,0000000000000000
246,00,00,C007FF0800208000
25D,00,00,07F83E5C00000000
FD,00,00,2200100014000000
130,00,00,0000A01001000000
211,00,00,FFFEFFFECF600064
240,00,00,8000E0007F800040
76,00,00,380007E575300000
21F,00,00,005E007F0100029E
82,00,00,00007CD24F9400DA
3D2,00,00,0A80000000000000
202,00,00,0003000000001993
215,00,00,2710271027102710
75,00,00,3D0007DC46518300
86,00,00,3E80C9C3E69A5344
21D,00,00,7F3FFF000000FFFF
246,00,00,0007FF0800208000
25D,00,00,07F83E2000000000
425,00,00,0200000000000000
78,00,00,DF78FF8099C3D0CB
217,00,00,000000000000DDEF
76,00,00,420007E475300000
202,00,00,0003000000001993
240,00,00,8000E0007F800050
25E,00,00,000000007F800D00
165,00,00,4680190008000E74
202,00,00,0003000000001993
215,00,00,2710271027102710
75,00,00,470007DC46548300
45A,00,00,1E6CA53D482FDC9D
25D,00,00,07F83DE400000000
240,00,00,8000E0007F800058
FD,00,00,2200800014000000
165,00,00,4680190008000E74
166,00,00,003050C00E600000
167,00,00,003014903E980000
202,00,00,0003000000001993
21F,00,00,005E007F01000997
4D4,00,00,0000000000000000
165,00,00,4680190008000E74
240,00,00,8000E0007F800060
4DA,00,00,3232323C32D4BFC0
4DB,00,00,0000000800000000
4DC,00,00,2981000000000000
21C,00,00,0101000000000000
488,00,00,0000000000000000
FD,00,00,2200B00014000000
79,00,00,DF220001FFE0CF67
211,00,00,FFFEFFFEFF300064
165,00,00,4680190008000E74
200,00,00,8000800080000C73
202,00,00,0003000000001993
21F,00,00,005E007F01012D72
25E,00,00,000000007F800F00
477,00,00,0000000000000000
49C,00,00,00B6F70A06643A00
86,00,00,3E80F19BE69B9204
240,00,00,8000E0007F800070
21C,00,00,0101000000000000
25D,00,00,07F83D6C00000000
40A,00,00,BF19000000000000
130,00,00,0000A01001000000
82,00,00,00007CD04BE40000
21E,00,00,00000000000000FF
202,00,00,0003000000001993
86,00,00,3E80F993E69BD1C4
91,00,00,C040C00C33000000
482,00,00,0092000000000000
166,00,00,003050C00E600000
202,00,00,0003000000001993
42B,00,00,0000BE0410000000
45A,00,00,1E6C9B3D482FDC9D
4DA,00,00,3232323C32D4BFC0
25D,00,00,07F83D3000000000
4F2,00,00,0352B0A745005000
FD,00,00,2200200014000000
78,00,00,DF72FFA098C310DA
21E,00,00,00000000000001FE
202,00,00,0003000000001993
21F,00,00,005E007F0101237C
25E,00,00,000000007F800000
165,00,00,4680190008000E74
202,00,00,0003000000001993
215,00,00,2710271027102710
82,00,00,00007CD0590400DB
45C,00,00,10002F782FB00000
21D,00,00,7F3FFF000000FFFF
25D,00,00,07F83CF400000000
4F7,00,00,0008000080000000
FD,00,00,2200500014000000
78,00,00,DF78FFA098C320D6
217,00,00,000000000000D2FA
76,00,00,740007E675300000
21F,00,00,005E007F01012679
82,00,00,00007CD058140000
25E,00,00,000000007F800100
165,00,00,4680190008000E74
202,00,00,0003000000001993
215,00,00,2710271027102710
75,00,00,790007DE46508300
45B,00,00,01021CA9CA013900
243,00,00,A8000820020000BD
25D,00,00,07F83CB800000000
FD,00,00,2200900014000000
130,00,00,0000A01001000000
211,00,00,FFFEFFFE3FF00064
166,00,00,003050C00E600000
200,00,00,8000800080000A75
202,00,00,0003000000001993
42B,00,00,0000BE0410000000
165,00,00,4680190008000E74
202,00,00,0003000000001993
9D,00,00,0001FFDC00000000
4DA,00,00,3232323C32D4BFC0
4DB,00,00,0000000800000000
246,00,00,C007FF0800208000
86,00,00,3E80A9E3E6995444
488,00,00,0000000000000000
FD,00,00,2200C00014000000
211,00,00,FFFEFFFE4FE00064
415,00,00,0016F800FF005800
200,00,00,8000800080000D72
21F,00,00,005E007F01012D72
9E,00,00,D0000050009B3E00
86,00,00,3E80B1DBE6999404
25F,00,00,0000000000000000
82,00,00,00007CD055440000
495,00,00,0000000000000000
45C,00,00,10002F782FB00000
21C,00,00,0101000000000000
25D,00,00,07F8000000000000
40A,00,00,BF1B000000000000
FD,00,00,2200F00014000000
79,00,00,DF240001FFE0C570
21E,00,00,00000000000005FA
9A,00,00,0000000088000000
43F,00,00,3EBFFB4400003FC0
50,00,00,02000001AA55AAFB
482,00,00,0092000000000000
165,00,00,4680190008000E74
202,00,00,0003000000001993
420,00,00,5C0000334200F62E
76,00,00,970007E475300000
4D9,00,00,0000000000000000
245,00,00,8017E80180200000
25D,00,00,07F83FC400000000
FD,00,00,2200300014000000
130,00,00,0000A01001000000
211,00,00,FFFEFFFE6FC00064
75,00,00,9C0007DD46508300
202,00,00,0003000000001993
21F,00,00,005E007F0101247B
4F2,00,00,0352B0A745005000
165,00,00,4680190008000E74
202,00,00,0003000000001993
215,00,00,2710271027102710
75,00,00,A10007DD46548300
45A,00,00,1E6C9B3D482FDC9D
246,00,00,8007FF0800208000
240,00,00,8000E0007F800050
425,00,00,0200000000000000
FD,00,00,2200600014000000
211,00,00,FFFEFFFE7FB00064
167,00,00,003014703E980000
200,00,00,8000800080000778
21F,00,00,005E007F01012778
25E,00,00,000000007F800400
165,00,00,4680190008000E74
40A,00,00,BF1C000000000000
82,00,00,00007CD051840000
75,00,00,AB0007DA464E8300
43F,00,00,3EBFFB4400003FC0
21C,00,00,0101000000000000
45C,00,00,10002F782FB00000
FD,00,00,2200900014000000
130,00,00,0000A01001000000
211,00,00,FFFEFFFE8FA00064
240,00,00,8000E0007F800060
45A,00,00,1E6C9A3D482FDC9D
21F,00,00,005E007F01012B74
42B,00,00,0000BE0410000000
4D4,00,00,0000000000000000
202,00,00,0003000000001993
4D9,00,00,0000000000000000
4DB,00,00,0000000800000000
4DC,00,00,2981000000000000
4FE,00,00,0230000000000000
245,00,00,8017E80180200000
488,00,00,0000000000000000
FD,00,00,2200D00014000000
78,00,00,DF75002098C390CC
215,00,00,2710271027102710
76,00,00,BA0007EA75300000
240,00,00,8000E0007F800070
21F,00,00,005E007F01012E71
9E,00,00,D0000050009B3E00
25F,00,00,0000000000000000
48E,00,00,006C000000000000
49C,00,00,00B6F70A06643A00
76,00,00,BF0007E875300000
45A,00,00,1E6C9A3D482FDC9D
25D,00,00,07F83ED400000000
240,00,00,8000E0007F800078
40A,00,00,BF1D000000000000
165,00,00,4680190008000E74
215,00,00,2710271027102710
200,00,00,800080008000017E
43F,00,00,3EBFFB4400003FC0
4F5,00,00,0000000416400000
3D2,00,00,0880010000000000
25E,00,00,000000007F800600
166,00,00,003050C00E600000
420,00,00,5C0000334200F62E
42B,00,00,0000BE0410000000
4D9,00,00,0000000000000000
246,00,00,8007FF0800208000
25D,00,00,07F83E9800000000
FD,00,00,2200300014000000
130,00,00,0000A01001000000
165,00,00,4680190008000E74
167,00,00,02F014403E980000
45A,00,00,1E6C9A3D482FDC9D
21F,00,00,005E007F0101257A
82,00,00,00007CD24BD400DA
25E,00,00,000000007F800700
202,00,00,0003000002C01988
215,00,00,2710271027102710
240,00,00,8000E0007F800010
76,00,00,D30007E475300000
21D,00,00,7F3FFF000000FFFF
244,00,00,64F064F064F064F0
25D,00,00,07F83E5C00000000
3D2,00,00,0900000000000000
79,00,00,DF240001FF60CC6B
21E,00,00,0000000000000CF3
200,00,00,8000800080000877
240,00,00,8000E0007F800018
21F,00,00,005E007F01000898
25E,00,00,000000007F800700
202,00,00,000300000C801961
215,00,00,2710271027102710
75,00,00,DD0007DF46578300
43F,00,00,3EBFFB4400003FC0
45A,00,00,1E6C9A3D482FDC9D
82,00,00,00007CD04AF40000
45B,00,00,050000FDBF000080
FD,00,00,2200A00014000000
130,00,00,0000A01001000000
217,00,00,000000000000DDEF
76,00,00,E20007E275300000
200,00,00,8000800080000B74
202,00,00,0003000010001953
42B,00,00,0000BE0410000000
165,00,00,4680190008000E74
202,00,00,0003000010001953
9D,00,00,0001FFE400000000
75,00,00,E70007DB464F8300
4DB,00,00,0000000800000000
246,00,00,4007FF0800208000
488,00,00,0000000000000000
4FE,00,00,0231000000000000
86,00,00,3E80B1DBE6999404
211,00,00,FFFEFFFEEF400064
415,00,00,0018F600FF006000
45A,00,00,1E6C9A3D482FDC9D
21F,00,00,005E007F01000F91
82,00,00,00007CD257140000
9E,00,00,D0000050009B3E00
25F,00,00,0000000000000000
48E,00,00,006C000000000000
240,00,00,8000E0007F800038
76,00,00,F10007E375300000
21D,00,00,7F3FFF000000FFFF
246,00,00,8007FF0800208000
25D,00,00,07F83DA800000000
40A,00,00,BF1F000000000000
79,00,00,DF2800020060CF61
21E,00,00,0000000000000FF0
202,00,00,0003000026C019F8
3D2,00,00,0A00000000000000
91,00,00,C040C00F30000000
43F,00,00,3EBFFB4400003FC0
4F3,00,00,1A48000401C90168
202,00,00,00030000314019CE
420,00,00,5C0000334200F62E
45A,00,00,1E6C9A3D482FDC9D
4D9,00,00,0000000000000000
82,00,00,00007CD0563400DB
25D,00,00,07F83D6C00000000
FD,00,00,2200400014000000
130,00,00,0000A01001000000
217,00,00,000000000000D0FC
75,00,00,000007DF46548300
202,00,00,00030000364019BA
21F,00,00,005E007F0100059B
86,00,00,3E80D1BBE69A9304
165,00,00,4680190008000E74
202,00,00,00030000364019BA
82,00,00,00007CD055440000
75,00,00,050007E246518300
45C,00,00,10002F782FB00000
246,00,00,0007FF0800208000
3D2,00,00,0A80000000000000
425,00,00,0200000000000000
FD,00,00,2200700014000000
211,00,00,FFFEFFFE10100064
167,00,00,407014803E980000
45A,00,00,1E6CA63D482FDC9D
21F,00,00,005E007F01000997
4F2,00,00,0352B0A745005000
25E,00,00,000000007F800B00
202,00,00,0003000040401991
215,00,00,2710271027102710
240,00,00,8000E0007F800060
43F,00,00,3EBFFB4400003FC0
21D,00,00,7F3FFF000000FFFF
246,00,00,4007FF0800208000
59B,00,00,1B00AA55AA55AA55
FD,00,00,2200B00014000000
79,00,00,DF2400020060C270
21E,00,00,00000000000002FD
86,00,00,3E80E9A3E69B5244
167,00,00,4DB014C03E980000
200,00,00,8000800080000C73
21F,00,00,005E007F01000C94
165,00,00,4680190008000E74
215,00,00,2710271027102710
4D4,00,00,0000000000000000
4DA,00,00,3232323C32D4BFC0
4DB,00,00,0000000800000000
82,00,00,00007CD251740000
4DC,00,00,2981000000000000
488,00,00,0000000000000000
FD,00,00,2200E00014000000
215,00,00,2710271027102710
75,00,00,1E0007DE46488300
202,00,00,000300005540193D
21F,00,00,005E007F01000F91
4FA,00,00,00000023000749C0
25E,00,00,000000007F800C00
47B,00,00,0000000000000000
492,00,00,0000000000000000
75,00,00,230007DB46548300
45C,00,00,10002F782FB00000
21C,00,00,0101000000000000
25D,00,00,07F83C7C00000000
40A,00,00,BF21000000000000
130,00,00,0000A01001000000
167,00,00,5F7014203E980000
5C7,00,00,4700FFFFFFFFFFFF
9A,00,00,0000000088000000
45A,00,00,1E6CA63D482FDC9D
45B,00,00,03FFFFFFFFFFFF80
482,00,00,0092000000000000
166,00,00,003050C00E600000
202,00,00,000300005F401915
42B,00,00,0000BE0410000000
4D9,00,00,0000000000000000
21D,00,00,7F3FFF000000FFFF
246,00,00,0007FF0800208000
25D,00,00,07F8000000000000
FD,00,00,2200500014000000
79,00,00,DF2C0001FF20C56F
21E,00,00,00000000000005FA
86,00,00,3E8091FBE6989504
45C,00,00,10002F782FB00000
21F,00,00,005E007F0100069A
25E,00,00,000000007F800D00
202,00,00,000300006AC019E7
215,00,00,2710271027102710
75,00,00,370007DD464F8300
45A,00,00,1E6CA63D482FDC9D
581,00,00,0100AA55AA55AA55
82,00,00,00007CD04EB40000
25D,00,00,07F83FC400000000
425,00,00,0200000000000000
130,00,00,0000A01001000000
217,00,00,000000000000D6F6
76,00,00,3C0007E575300000
200,00,00,8000800080000976
202,00,00,000300006D8019DC
86,00,00,3E80A1EBE6991484
40A,00,00,C1004A4D5A444B36
202,00,00,000300006D8019DC
82,00,00,00007CD04DC40000
75,00,00,410007DE464C8300
43F,00,00,3EBFFB4400003FC0
21C,00,00,0101000000000000
4F2,00,00,0352B0A745005000
86,00,00,3E80A9E3E6995444
240,00,00,8000E0007F800028
211,00,00,FFFEFFFE7FB00064
166,00,00,003050C00E600000
45A,00,00,1E6CA63D482FDC9D
202,00,00,00030000724019C9
82,00,00,00007CD24BD400DA
42B,00,00,0000BE0410000000
202,00,00,00030000724019C9
215,00,00,2710271027102710
4DA,00,00,3232323C32D4BFC0
4DB,00,00,0000000800000000
21D,00,00,7F3FFF000000FFFF
246,00,00,C007FF0800208000
488,00,00,0000000000000000
FD,00,00,2200F00014000000
79,00,00,DF220001FFE0C86E
217,00,00,000000000000D8F4
167,00,00,773014F03E980000
200,00,00,800080008000007F
202,00,00,00030000790019AE
4FE,00,00,0231000000000000
25E,00,00,000000007F800F00
47B,00,00,0000000000000000
49C,00,00,00B6F70A06643A00
45A,00,00,1E6CA63D482FDC9D
86,00,00,3E80C1CBE69A1384
82,00,00,00007CD249F400DA
25D,00,00,07F83F1000000000
40A,00,00,C101575336303133
165,00,00,4680190008000E74
215,00,00,2710271027102710
76,00,00,5A0007E375300000
43F,00,00,3EBFFB4400003FC0
4F5,00,00,0000000416400000
86,00,00,3E80C9C3E69A5344
4F3,00,00,1A48000401C90168
166,00,00,003050C00E600000
420,00,00,5C0000334200F62E
75,00,00,5F0007DE46598300
45C,00,00,10002F782FB00000
246,00,00,4007FF0800208000
25D,00,00,07F83ED400000000
86,00,00,3E80D1BBE69A9304
130,00,00,0000A01001000000
211,00,00,FFFEFFFEAF800064
21E,00,00,0000000000000AF5
45A,00,00,1E6CAF3D482FDC9D
21F,00,00,005E007F0100069A
82,00,00,00007CD0581400DB
25E,00,00,000000007F800100
202,00,00,0003000082C01986
86,00,00,3E80D9B3E69AD2C4
240,00,00,8000E0007F800058
76,00,00,690007E275300000
21D,00,00,7F3FFF000000FFFF
246,00,00,8007FF0800208000
25D,00,00,07F83E9800000000
425,00,00,0200000000000000
78,00,00,DF72FFE098C3B0CE
217,00,00,000000000000DBF1
200,00,00,8000800080000A75
202,00,00,0003000085C0197A
21F,00,00,005E007F01000A96
25E,00,00,000000007F800100
165,00,00,4680190008000E74
202,00,00,0003000088401970
215,00,00,2710271027102710
43F,00,00,3EBFFB4400003FC0
86,00,00,3E80E9A3E69B5244
82,00,00,00007CD2553400DA
45B,00,00,01021CA9CA013900
FD,00,00,2200C00014000000
165,00,00,4680190008000E74
215,00,00,2710271027102710
76,00,00,780007E675300000
200,00,00,8000800080000D72
4F2,00,00,0352B0A745005000
42B,00,00,0000BE0410000000
25E,00,00,000000007F800200
202,00,00,000300008940196C
9D,00,00,0001FFF000000000
75,00,00,7D0007DE46508300
45C,00,00,10002F782FB00000
21C,00,00,0101000000000000
488,00,00,0000000000000000
4FE,00,00,0232000000000000
240,00,00,8000E0007F800078
130,00,00,0000A01001000000
165,00,00,4680190008000E74
45A,00,00,1E6CAF3D482FDC9D
202,00,00,000300008B401964
82,00,00,00007CD0545400DB
21F,00,00,005E007F0100019F
436,00,00,10019912FF640001
215,00,00,2710271027102710
49C,00,00,00B6F70A06643A00
76,00,00,870007E975300000
21D,00,00,7F3FFF000000FFFF
246,00,00,4007FF0800208000
25D,00,00,07F83DE400000000
FD,00,00,2200300014000000
78,00,00,DF72FFE098C3E0CB
217,00,00,000000000000DEEE
9A,00,00,0000000088000000
43F,00,00,3EBFFB4400003FC0
50,00,00,02000001AA55AAFB
48B,00,00,00078A6038000009
pippo